3: 
5174
4029
3323
1145
4: 
5394
4220
3323
1174
5: 
5216
4072
3321
1144
6: 
5660
4470
3321
1190
7: 
6230
4942
3321
1288
8: 
5721
4498
3321
1222
9: 
5987
4720
3321
1266
10: 
5429
4235
3321
1193
11: 
5364
4179
3321
1185
12: 
5456
4272
3321
1184
13: 
5576
4364
3321
1211
14: 
5185
4017
3321
1167
15: 
5866
4617
3321
1248
16: 
5911
4660
3321
1250
17: 
6095
4811
3321
1283
18: 
5801
4565
3321
1235
19: 
5969
4704
3321
1265
20: 
5690
4445
3321
1245
21: 
5542
4343
3321
1199
22: 
5704
4482
3321
1222
23: 
5681
4449
3321
1232
24: 
5675
4466
3321
1209
25: 
5597
4401
3320
1196
26: 
5575
4346
3319
1228
27: 
5602
4379
3319
1222
28: 
5757
4501
3319
1255
29: 
5890
4643
3316
1246
30: 
5602
4377
3316
1224
