3: 
22646
14021
13685
8624
4: 
24112
15176
13682
8935
5: 
23347
14561
13681
8785
6: 
24120
15110
13681
9009
7: 
27053
17369
13681
9682
8: 
26101
16644
13681
9457
9: 
25248
16043
13680
9205
10: 
24613
15564
13680
9048
11: 
25183
15992
13674
9191
12: 
24521
15487
13671
9033
13: 
25279
16062
13671
9216
14: 
23606
14757
13669
8849
15: 
26400
16865
13666
9534
16: 
26993
17348
13666
9644
17: 
27222
17470
13666
9751
18: 
26044
16661
13666
9381
19: 
26238
16770
13666
9467
20: 
25653
16320
13666
9332
21: 
25414
16117
13664
9296
22: 
25945
16583
13658
9358
23: 
25800
16405
13653
9390
24: 
26068
16662
13648
9402
25: 
24843
15772
13644
9066
26: 
25151
15973
13640
9178
27: 
25952
16521
13635
9430
28: 
26236
16757
13631
9474
29: 
26547
17034
13625
9512
30: 
25979
16569
13623
9405
