3: 
23704
16498
12937
7206
4: 
25553
17863
12936
7690
5: 
24409
17074
12932
7335
6: 
25827
18067
12926
7760
7: 
28943
20307
12922
8636
8: 
28119
19712
12916
8407
9: 
27367
19205
12907
8162
10: 
26250
18313
12902
7937
11: 
27130
18964
12902
8165
12: 
26790
18767
12902
8023
13: 
27258
19137
12902
8121
14: 
25188
17605
12900
7582
15: 
28568
20048
12898
8519
16: 
28762
20160
12898
8601
17: 
29129
20404
12894
8724
18: 
28060
19735
12890
8324
19: 
28329
19817
12890
8511
20: 
27683
19340
12888
8342
21: 
27748
19461
12887
8286
22: 
27819
19496
12883
8323
23: 
27362
19186
12883
8176
24: 
27859
19617
12883
8241
25: 
26384
18473
12883
7911
26: 
27281
19102
12878
8178
27: 
28257
19822
12876
8434
28: 
28219
19711
12874
8508
29: 
28725
20127
12871
8597
30: 
27539
19292
12871
8247
