friday	first
25
0
2
2
3
1
7
24
24
36
43
37
27
31
11
24
20
9
36
27
27
22
21
9
friday	second
131
95
95
30
29
23
29
51
22
66
76
100
74
47
64
83
51
71
79
67
79
109
109
63
friday	third
80
68
72
42
14
3
22
46
68
93
67
88
132
94
78
122
104
85
106
115
85
74
106
125
monday	first
20
7
0
2
0
0
11
16
32
23
8
7
17
19
15
17
6
20
25
10
12
29
25
32
monday	second
110
91
44
2
0
10
0
14
59
57
49
39
59
70
49
82
112
97
132
110
101
118
92
112
monday	third
78
71
59
11
0
4
9
45
80
96
90
92
57
113
82
86
88
79
75
83
103
90
115
94
saturday	first
13
5
8
2
2
0
0
21
6
27
26
13
18
1
32
20
52
20
24
5
28
23
57
18
saturday	second
51
103
22
10
0
0
36
59
47
75
104
108
71
50
59
102
113
132
50
73
122
121
105
120
saturday	third
133
69
27
38
25
0
28
47
118
74
106
87
80
76
85
95
98
125
94
127
108
84
127
129
sunday	first
17
13
4
3
0
0
2
3
15
19
37
13
5
18
20
6
34
16
17
22
36
27
14
16
sunday	second
66
54
41
53
14
16
0
32
7
85
91
65
95
111
117
104
128
114
159
140
106
117
137
90
sunday	third
70
67
90
38
22
15
3
37
91
64
96
90
129
110
47
65
86
71
73
73
100
147
106
84
thurs	first
25
7
0
2
0
4
16
22
23
32
10
25
5
12
0
11
9
22
16
20
48
37
55
27
thurs	second
120
132
83
67
28
0
2
17
64
99
53
39
63
71
37
54
82
62
146
118
134
127
112
83
thurs	third
134
123
57
22
65
36
22
27
71
102
120
31
69
75
50
66
104
84
72
128
90
100
105
74
tuesday	first
14
7
5
0
1
1
17
47
20
31
18
6
15
14
8
33
27
16
14
22
18
25
23
14
tuesday	second
82
90
54
39
4
17
2
59
107
58
63
52
49
36
38
37
84
30
48
92
128
122
136
135
tuesday	third
100
93
41
30
13
13
35
61
102
81
91
36
107
70
66
45
74
92
77
95
101
100
107
102
weds	first
6
6
8
4
4
11
17
18
10
27
18
17
37
32
31
11
21
34
29
14
3
30
45
39
weds	second
147
142
80
30
0
16
6
78
71
56
46
49
62
61
45
82
108
70
48
86
120
125
157
127
weds	third
109
104
49
25
1
13
22
40
57
107
93
67
86
71
52
92
94
82
60
55
88
106
163
127
