140
0.0
0.307142857143
0.164285714286
0.0785714285714
0.0857142857143
0.0357142857143
0.0357142857143
0.0142857142857
0.0142857142857
0.0285714285714
0.0285714285714
0.0142857142857
0.0214285714286
0.00714285714286
0.0142857142857
0.0
0.0
0.00714285714286
0.0142857142857
0.0
0.00714285714286
0.0
0.00714285714286
0.0
0.00714285714286
0.00714285714286
0.00714285714286
0.00714285714286
0.00714285714286
0.00714285714286
0.0
0.0
0.0
0.00714285714286
0.00714285714286
0.00714285714286
0.0
0.0
0.0
0.0
0.0
0.0
0.0
0.0
0.0
0.0
0.0
0.0
0.00714285714286
0.0
0.0
0.0
0.00714285714286
0.0
0.0
0.0
0.0
0.00714285714286
0.0
0.0142857142857
0.0
0.0
0.00714285714286
0.0
0.0
0.0
0.0
0.0
0.0
0.0
0.0
0.0
0.0
0.0
0.0
0.0
0.0
0.0
0.0
0.0
0.0
0.0
0.0
0.0
0.0
0.0
0.0
0.0
0.0
0.0
0.0
0.0
0.0
0.0
0.0
0.0
0.0
0.0
0.0
0.0
0.0
0.0
0.0
0.0
0.0
0.0
0.0
0.0
0.0
0.0
0.0
0.0
0.0
0.0
0.0
0.0
0.0
0.0
0.0
0.0
0.0
0.0
0.00714285714286
0.0
0.0
0.0
0.0
0.0
0.0
0.0
0.0
0.0
0.0
0.0
0.0
0.0
0.0
0.0
0.0
0.0
0.0
0.0
0.0
0.0
0.0
0.0
0.0
0.0
0.0
0.0
