316
0.0221518987342
0.21835443038
0.272151898734
0.129746835443
0.0822784810127
0.0474683544304
0.0379746835443
0.0348101265823
0.0284810126582
0.0158227848101
0.0316455696203
0.00632911392405
0.0158227848101
0.00632911392405
0.0189873417722
0.00632911392405
0.00316455696203
0.0
0.00316455696203
0.00632911392405
0.0
0.0
0.00316455696203
0.0
0.00316455696203
0.0
0.0
0.0
0.0
0.0
0.0
0.0
0.0
0.0
0.0
0.0
0.0
0.0
0.0
0.0
0.0
0.0
0.0
0.0
0.0
0.0
0.0
0.0
0.0
0.0
0.0
0.0
0.0
0.00316455696203
0.0
0.0
0.0
0.0
0.0
0.0
0.0
0.00316455696203
0.0
0.0
0.0
0.0
0.0
0.0
0.0
0.0
0.0
0.0
0.0
0.0
0.0
0.0
0.0
0.0
0.0
0.0
0.0
0.0
0.0
0.0
0.0
0.0
0.0
0.0
0.0
0.0
0.0
0.0
0.0
0.0
0.0
0.0
0.0
0.0
0.0
0.0
0.0
0.0
0.0
0.0
0.0
0.0
0.0
0.0
0.0
0.0
0.0
0.0
0.0
0.0
0.0
0.0
0.0
0.0
0.0
0.0
0.0
0.0
0.0
0.0
0.0
0.0
0.0
0.0
0.0
0.0
0.0
0.0
0.0
0.0
0.0
0.0
0.0
0.0
0.0
0.0
0.0
0.0
0.0
0.0
0.0
0.0
0.0
0.0
0.0
0.0
