28
0.0
0.0
0.0769230769231
0.0384615384615
0.0384615384615
0.0
0.0
0.0384615384615
0.0
0.0
0.0
0.0384615384615
0.0769230769231
0.0
0.0
0.0
0.0
0.0384615384615
0.0384615384615
0.0384615384615
0.0
0.0384615384615
0.0
0.0
0.0384615384615
0.0
0.0769230769231
0.0
0.0
0.0384615384615
0.0
0.0384615384615
0.0384615384615
0.0
0.0
0.0
0.0
0.0
0.0384615384615
0.0384615384615
0.0
0.0384615384615
0.0384615384615
0.0
0.0
0.0
0.0384615384615
0.0384615384615
0.0
0.0
0.0
0.0
0.0
0.0
0.0
0.0
0.0384615384615
0.0
0.0
0.0
0.0
0.0
0.0
0.0
0.0
0.0
0.0
0.0
0.0
0.0
0.0
0.0
0.0
0.0
0.0
0.0
0.0
0.0
0.0
0.0
0.0
0.0
0.0
0.0
0.0
0.0
0.0
0.0
0.0
0.0
0.0
0.0
0.0
0.0
0.0
0.0
0.0
0.0
0.0
0.0
0.0
0.0
0.0
0.0
0.0
0.0
0.0
0.0
0.0
0.0
0.0
0.0
0.0
0.0
0.0
0.0
0.0
0.0
0.0
0.0
0.0
0.0
0.0
0.0
0.0
0.0
0.0
0.0
0.0
0.0
0.0
0.0
0.0
0.0
0.0
0.0
0.0
0.0
0.0384615384615
0.0
0.0
0.0
0.0
0.0
0.0
0.0
0.0
0.0
0.0
0.0
