206
0.0291262135922
0.470873786408
0.155339805825
0.0436893203883
0.0339805825243
0.0242718446602
0.0242718446602
0.0291262135922
0.00485436893204
0.0291262135922
0.00970873786408
0.0145631067961
0.00970873786408
0.00970873786408
0.0194174757282
0.00485436893204
0.0
0.00485436893204
0.0
0.00970873786408
0.0
0.00485436893204
0.00485436893204
0.0
0.0
0.00970873786408
0.00485436893204
0.00485436893204
0.0
0.0
0.00485436893204
0.0
0.0
0.0
0.0
0.00485436893204
0.0
0.00485436893204
0.00485436893204
0.0
0.0
0.0
0.0
0.0
0.0
0.0
0.0
0.00485436893204
0.0
0.0
0.0
0.00485436893204
0.0
0.0
0.0
0.0
0.0
0.0
0.0
0.00485436893204
0.0
0.0
0.0
0.00485436893204
0.0
0.0
0.0
0.0
0.0
0.0
0.0
0.0
0.0
0.0
0.0
0.00485436893204
0.0
0.0
0.0
0.0
0.0
0.0
0.0
0.0
0.0
0.0
0.0
0.0
0.0
0.0
0.0
0.0
0.0
0.0
0.0
0.0
0.0
0.0
0.0
0.0
0.0
0.0
0.0
0.0
0.0
0.0
0.0
0.0
0.0
0.0
0.0
0.0
0.0
0.0
0.0
0.0
0.0
0.0
0.0
0.0
0.0
0.0
0.0
0.0
0.0
0.0
0.0
0.0
0.0
0.0
0.0
0.0
0.0
0.0
0.0
0.0
0.0
0.0
0.0
0.0
0.0
0.0
0.0
0.0
0.0
0.0
0.0
0.0
0.0
0.0
