268
0.0111940298507
0.283582089552
0.186567164179
0.138059701493
0.0410447761194
0.0671641791045
0.0522388059701
0.0223880597015
0.044776119403
0.0298507462687
0.00746268656716
0.0111940298507
0.0149253731343
0.0111940298507
0.0186567164179
0.00746268656716
0.00746268656716
0.0
0.00746268656716
0.00746268656716
0.00373134328358
0.0
0.00373134328358
0.0
0.0
0.0
0.00373134328358
0.00746268656716
0.0
0.0
0.0
0.0
0.00373134328358
0.0
0.0
0.0
0.0
0.0
0.0
0.0
0.0
0.0
0.0
0.0
0.0
0.0
0.0
0.0
0.0
0.0
0.0
0.0
0.0
0.0
0.0
0.0
0.0
0.0
0.0
0.0
0.0
0.0
0.0
0.0
0.0
0.0
0.0
0.0
0.0
0.0
0.0
0.0
0.0
0.0
0.0
0.0
0.0
0.0
0.0
0.0
0.00373134328358
0.0
0.0
0.0
0.0
0.0
0.0
0.0
0.0
0.0
0.0
0.0
0.0
0.0
0.0
0.0
0.0
0.0
0.0
0.0
0.0
0.0
0.0
0.0
0.0
0.0
0.0
0.0
0.0
0.0
0.0
0.0
0.0
0.0
0.0
0.0
0.0
0.0
0.0
0.0
0.0
0.0
0.0
0.0
0.0
0.0
0.0
0.0
0.0
0.00373134328358
0.0
0.0
0.0
0.0
0.0
0.0
0.0
0.0
0.0
0.0
0.0
0.0
0.0
0.0
0.0
0.0
0.0
0.0
0.0
0.0
