287
0.00696864111498
0.202090592334
0.250871080139
0.11149825784
0.0940766550523
0.0696864111498
0.0557491289199
0.0383275261324
0.0209059233449
0.0243902439024
0.0278745644599
0.0104529616725
0.0243902439024
0.00696864111498
0.0174216027875
0.00696864111498
0.00348432055749
0.00696864111498
0.0
0.00348432055749
0.0
0.0
0.0
0.0
0.00348432055749
0.0
0.0
0.0
0.0
0.0
0.00348432055749
0.0
0.00348432055749
0.0
0.0
0.0
0.0
0.0
0.0
0.0
0.0
0.00348432055749
0.0
0.0
0.0
0.0
0.0
0.0
0.0
0.0
0.0
0.0
0.0
0.00348432055749
0.0
0.0
0.0
0.0
0.0
0.0
0.0
0.0
0.0
0.0
0.0
0.0
0.0
0.0
0.0
0.0
0.0
0.0
0.0
0.0
0.0
0.0
0.0
0.0
0.0
0.0
0.0
0.0
0.0
0.0
0.0
0.0
0.0
0.0
0.0
0.0
0.0
0.0
0.0
0.0
0.0
0.0
0.0
0.0
0.0
0.0
0.0
0.0
0.0
0.0
0.0
0.0
0.0
0.0
0.0
0.0
0.0
0.0
0.0
0.0
0.0
0.0
0.0
0.0
0.0
0.0
0.0
0.0
0.0
0.0
0.0
0.0
0.0
0.0
0.0
0.0
0.0
0.0
0.0
0.0
0.0
0.0
0.0
0.0
0.0
0.0
0.0
0.0
0.0
0.0
0.0
0.0
0.0
0.0
0.0
0.0
