81
0.0123456790123
0.246913580247
0.197530864198
0.0246913580247
0.0617283950617
0.037037037037
0.0246913580247
0.0246913580247
0.0123456790123
0.0123456790123
0.0123456790123
0.0246913580247
0.0123456790123
0.0
0.0
0.037037037037
0.0246913580247
0.0
0.0123456790123
0.0
0.0123456790123
0.0246913580247
0.0246913580247
0.0
0.0123456790123
0.0123456790123
0.0
0.0
0.0123456790123
0.0
0.0123456790123
0.0
0.0
0.0246913580247
0.0
0.0
0.0
0.0
0.0
0.0
0.0
0.0
0.0
0.0123456790123
0.0
0.0
0.0
0.0
0.0
0.0
0.0
0.0123456790123
0.0123456790123
0.0123456790123
0.0
0.0
0.0
0.0
0.0123456790123
0.0
0.0
0.0
0.0
0.0
0.0
0.0123456790123
0.0
0.0
0.0
0.0
0.0
0.0
0.0
0.0
0.0
0.0
0.0
0.0
0.0
0.0
0.0
0.0
0.0
0.0
0.0
0.0
0.0
0.0
0.0
0.0
0.0
0.0
0.0
0.0
0.0
0.0
0.0
0.0
0.0
0.0
0.0
0.0
0.0
0.0
0.0
0.0
0.0
0.0
0.0
0.0123456790123
0.0
0.0
0.0
0.0
0.0
0.0
0.0
0.0
0.0
0.0
0.0
0.0
0.0
0.0
0.0
0.0
0.0
0.0
0.0
0.0
0.0
0.0
0.0
0.0
0.0
0.0
0.0
0.0
0.0
0.0
0.0
0.0
0.0
0.0
0.0
0.0
0.0
0.0
0.0
0.0
