60
0.0
0.0
0.1
0.0333333333333
0.116666666667
0.0166666666667
0.0333333333333
0.05
0.0
0.05
0.0333333333333
0.05
0.0833333333333
0.0333333333333
0.0
0.0166666666667
0.0
0.0166666666667
0.0166666666667
0.0
0.0166666666667
0.0166666666667
0.0166666666667
0.0
0.0
0.0
0.0333333333333
0.0166666666667
0.0166666666667
0.0166666666667
0.0
0.0166666666667
0.05
0.0166666666667
0.0
0.0
0.0166666666667
0.0
0.0
0.0
0.0166666666667
0.0
0.0333333333333
0.0
0.0
0.0
0.0
0.0
0.0
0.0
0.0
0.0
0.0166666666667
0.0
0.0166666666667
0.0
0.0
0.0166666666667
0.0
0.0
0.0
0.0
0.0166666666667
0.0
0.0
0.0
0.0
0.0
0.0
0.0
0.0
0.0
0.0
0.0
0.0
0.0
0.0
0.0
0.0
0.0
0.0
0.0
0.0
0.0
0.0
0.0
0.0
0.0
0.0
0.0
0.0
0.0
0.0
0.0
0.0
0.0
0.0
0.0
0.0
0.0
0.0
0.0
0.0
0.0
0.0
0.0
0.0
0.0
0.0
0.0
0.0
0.0
0.0
0.0
0.0
0.0
0.0
0.0
0.0
0.0
0.0
0.0
0.0
0.0
0.0
0.0
0.0
0.0
0.0
0.0
0.0
0.0
0.0
0.0
0.0
0.0
0.0
0.0
0.0
0.0
0.0
0.0
0.0
0.0
0.0
0.0
0.0
0.0
0.0
0.0
