328
0.0
0.237804878049
0.237804878049
0.15243902439
0.0914634146341
0.0670731707317
0.0213414634146
0.0609756097561
0.0182926829268
0.0243902439024
0.0274390243902
0.00609756097561
0.0121951219512
0.00914634146341
0.0030487804878
0.0030487804878
0.0
0.0
0.00609756097561
0.0
0.00609756097561
0.0
0.0030487804878
0.0030487804878
0.0
0.0
0.0
0.0
0.0
0.0
0.0
0.0030487804878
0.0
0.0
0.0
0.0
0.0
0.0
0.0
0.0
0.0
0.0
0.0
0.0
0.0
0.0
0.0
0.0
0.0
0.0
0.0
0.0
0.0
0.0
0.0
0.0
0.0030487804878
0.0
0.0
0.0
0.0
0.0
0.0
0.0
0.0
0.0
0.0
0.0
0.0
0.0
0.0
0.0
0.0
0.0
0.0
0.0
0.0
0.0
0.0
0.0
0.0
0.0030487804878
0.0
0.0
0.0
0.0
0.0
0.0
0.0
0.0
0.0
0.0
0.0
0.0
0.0
0.0
0.0
0.0
0.0
0.0
0.0
0.0
0.0
0.0
0.0
0.0
0.0
0.0
0.0
0.0
0.0
0.0
0.0
0.0
0.0
0.0
0.0
0.0
0.0
0.0
0.0
0.0
0.0
0.0
0.0
0.0
0.0
0.0
0.0
0.0
0.0
0.0
0.0
0.0
0.0
0.0
0.0
0.0
0.0
0.0
0.0
0.0
0.0
0.0
0.0
0.0
0.0
0.0
0.0
0.0
