286
0.0
0.167832167832
0.265734265734
0.157342657343
0.108391608392
0.0699300699301
0.048951048951
0.027972027972
0.027972027972
0.00699300699301
0.0244755244755
0.0174825174825
0.020979020979
0.0104895104895
0.00699300699301
0.0034965034965
0.0
0.0
0.0034965034965
0.0
0.0
0.0034965034965
0.0104895104895
0.0
0.0034965034965
0.0
0.0
0.0
0.0
0.0
0.0034965034965
0.0
0.0034965034965
0.0
0.0
0.0
0.0
0.0
0.0
0.0
0.0
0.0
0.0
0.0
0.0
0.0
0.0
0.0
0.0034965034965
0.0
0.0
0.0
0.0
0.0
0.0
0.0
0.0
0.0
0.0
0.0
0.0
0.0
0.0
0.0
0.0
0.0
0.0
0.0
0.0
0.0
0.0
0.0
0.0
0.0
0.0
0.0
0.0
0.0
0.0
0.0
0.0
0.0
0.0
0.0
0.0
0.0
0.0
0.0
0.0
0.0
0.0
0.0
0.0
0.0
0.0
0.0
0.0
0.0
0.0
0.0
0.0
0.0
0.0
0.0
0.0
0.0
0.0
0.0
0.0
0.0
0.0
0.0
0.0
0.0
0.0
0.0
0.0
0.0
0.0
0.0
0.0
0.0
0.0
0.0034965034965
0.0
0.0
0.0
0.0
0.0
0.0
0.0
0.0
0.0
0.0
0.0
0.0
0.0
0.0
0.0
0.0
0.0
0.0
0.0
0.0
0.0
0.0
0.0
0.0
0.0
0.0
