311
0.0032154340836
0.215434083601
0.266881028939
0.141479099678
0.096463022508
0.0546623794212
0.0578778135048
0.0225080385852
0.0257234726688
0.0192926045016
0.0225080385852
0.0096463022508
0.0096463022508
0.0096463022508
0.0064308681672
0.0032154340836
0.0064308681672
0.0032154340836
0.0032154340836
0.0032154340836
0.0
0.0032154340836
0.0032154340836
0.0
0.0
0.0
0.0
0.0
0.0
0.0
0.0032154340836
0.0
0.0
0.0
0.0
0.0
0.0
0.0
0.0
0.0032154340836
0.0
0.0
0.0
0.0
0.0
0.0
0.0
0.0
0.0032154340836
0.0
0.0
0.0
0.0
0.0
0.0
0.0
0.0
0.0
0.0
0.0
0.0
0.0
0.0
0.0
0.0
0.0
0.0
0.0
0.0
0.0
0.0
0.0
0.0
0.0
0.0
0.0
0.0
0.0
0.0
0.0
0.0
0.0
0.0
0.0
0.0
0.0
0.0
0.0
0.0
0.0
0.0
0.0
0.0
0.0
0.0
0.0
0.0
0.0
0.0
0.0
0.0
0.0
0.0
0.0
0.0
0.0
0.0
0.0
0.0
0.0
0.0
0.0
0.0
0.0
0.0
0.0
0.0
0.0
0.0
0.0
0.0
0.0
0.0032154340836
0.0
0.0
0.0
0.0
0.0
0.0
0.0
0.0
0.0
0.0
0.0
0.0
0.0
0.0
0.0
0.0
0.0
0.0
0.0
0.0
0.0
0.0
0.0
0.0
0.0
0.0
0.0
