24
0.0
0.0
0.0
0.0434782608696
0.0434782608696
0.0434782608696
0.0434782608696
0.0434782608696
0.0
0.0
0.0
0.0434782608696
0.0869565217391
0.0434782608696
0.0
0.0
0.0
0.0434782608696
0.0
0.0
0.0
0.0869565217391
0.0
0.0
0.0434782608696
0.0434782608696
0.0869565217391
0.0
0.0
0.0434782608696
0.0
0.0
0.0
0.0
0.0
0.0434782608696
0.0
0.0
0.0434782608696
0.0
0.0
0.0434782608696
0.0
0.0
0.0
0.0
0.0
0.0434782608696
0.0
0.0
0.0
0.0
0.0
0.0
0.0
0.0434782608696
0.0
0.0
0.0
0.0
0.0
0.0
0.0
0.0
0.0
0.0
0.0
0.0
0.0
0.0
0.0
0.0
0.0
0.0
0.0
0.0
0.0
0.0
0.0
0.0
0.0
0.0
0.0
0.0
0.0
0.0
0.0
0.0
0.0434782608696
0.0
0.0
0.0
0.0
0.0
0.0
0.0
0.0
0.0
0.0
0.0
0.0
0.0
0.0
0.0
0.0
0.0
0.0
0.0
0.0
0.0
0.0
0.0
0.0
0.0
0.0
0.0
0.0
0.0
0.0
0.0
0.0
0.0
0.0
0.0
0.0
0.0
0.0
0.0
0.0
0.0
0.0
0.0
0.0
0.0
0.0
0.0
0.0
0.0
0.0
0.0
0.0
0.0
0.0
0.0
0.0
0.0
0.0
0.0
0.0
0.0
