4088
0.524137931034
0.158620689655
0.0620689655172
0.0620689655172
0.00689655172414
0.0275862068966
0.0206896551724
0.00689655172414
0.0
0.00689655172414
0.00689655172414
0.0137931034483
0.0
0.0
0.0275862068966
0.0
0.00689655172414
0.00689655172414
0.0
0.0
0.0
0.0
0.0
0.0
0.00689655172414
0.0
0.0
0.0
0.0
0.0
0.0
0.0
0.0
0.0
0.0
0.00689655172414
0.0
0.0
0.00689655172414
0.0
0.0
0.0
0.0
0.0
0.0
0.0
0.0
0.0
0.0
0.0
0.0
0.0
0.0
0.0
0.00689655172414
0.0
0.0
0.0
0.00689655172414
0.0
0.0
0.0
0.0
0.0
0.0
0.0
0.0
0.0
0.0
0.00689655172414
0.0
0.0
0.0
0.0
0.0
0.0
0.0
0.0
0.00689655172414
0.0
0.0
0.00689655172414
0.0
0.0
0.0
0.0
0.0
0.0
0.0
0.0
0.0
0.0
0.0
0.0
0.0
0.0
0.0
0.0
0.0
0.0
0.0
0.0
0.0
0.0
0.0
0.0
0.0
0.0
0.0
0.0
0.0
0.0
0.0
0.0
0.0
0.0
0.0
0.0
0.0
0.0
0.0
0.0
0.0
0.0
0.0
0.0
0.0
0.0
0.0
0.0
0.0
0.0
0.00689655172414
0.0
0.0
0.0
0.0
0.0
0.0
0.0
0.0
0.0
0.0
0.0
0.0
0.0
0.0
0.0
0.0
0.0
