265
0.00754716981132
0.222641509434
0.188679245283
0.162264150943
0.0641509433962
0.0528301886792
0.0603773584906
0.0566037735849
0.022641509434
0.011320754717
0.0301886792453
0.0301886792453
0.0301886792453
0.0
0.00754716981132
0.0
0.0
0.00377358490566
0.00377358490566
0.0
0.011320754717
0.00377358490566
0.00377358490566
0.00377358490566
0.0
0.0
0.00377358490566
0.0
0.0
0.00377358490566
0.0
0.00377358490566
0.0
0.00377358490566
0.0
0.0
0.0
0.0
0.0
0.0
0.0
0.0
0.0
0.0
0.0
0.0
0.0
0.0
0.0
0.0
0.0
0.0
0.0
0.0
0.0
0.0
0.0
0.0
0.0
0.0
0.0
0.0
0.0
0.0
0.0
0.0
0.0
0.0
0.0
0.0
0.0
0.0
0.0
0.0
0.0
0.0
0.0
0.00377358490566
0.0
0.0
0.0
0.0
0.0
0.00377358490566
0.0
0.0
0.0
0.0
0.0
0.0
0.0
0.0
0.0
0.0
0.0
0.0
0.0
0.0
0.0
0.0
0.0
0.0
0.0
0.0
0.0
0.0
0.0
0.0
0.0
0.0
0.0
0.0
0.0
0.0
0.0
0.0
0.0
0.0
0.0
0.0
0.0
0.0
0.0
0.0
0.0
0.0
0.0
0.0
0.0
0.0
0.0
0.0
0.0
0.0
0.0
0.0
0.0
0.0
0.0
0.0
0.0
0.0
0.0
0.0
0.0
0.0
0.0
0.0
0.0
0.0
