304
0.00657894736842
0.223684210526
0.210526315789
0.167763157895
0.0657894736842
0.0822368421053
0.0592105263158
0.0427631578947
0.0197368421053
0.0131578947368
0.0197368421053
0.0131578947368
0.00657894736842
0.0230263157895
0.0131578947368
0.0
0.00328947368421
0.00986842105263
0.0
0.00328947368421
0.0
0.0
0.00328947368421
0.0
0.0
0.0
0.00328947368421
0.00328947368421
0.0
0.0
0.0
0.0
0.0
0.0
0.0
0.0
0.0
0.0
0.0
0.0
0.0
0.0
0.0
0.0
0.0
0.0
0.0
0.0
0.0
0.00328947368421
0.0
0.0
0.00328947368421
0.0
0.0
0.0
0.0
0.0
0.0
0.0
0.0
0.0
0.0
0.0
0.0
0.0
0.0
0.0
0.0
0.0
0.0
0.0
0.0
0.0
0.0
0.0
0.0
0.0
0.0
0.0
0.0
0.0
0.0
0.0
0.0
0.0
0.0
0.0
0.0
0.0
0.0
0.0
0.0
0.0
0.0
0.0
0.0
0.0
0.0
0.0
0.0
0.0
0.0
0.0
0.0
0.0
0.0
0.0
0.0
0.0
0.0
0.0
0.0
0.0
0.0
0.0
0.0
0.0
0.0
0.0
0.0
0.0
0.0
0.0
0.0
0.0
0.0
0.0
0.0
0.0
0.0
0.0
0.0
0.0
0.0
0.0
0.0
0.0
0.0
0.0
0.0
0.0
0.0
0.0
0.0
0.0
0.0
0.0
0.0
0.0
