281
0.0
0.227758007117
0.213523131673
0.131672597865
0.110320284698
0.0498220640569
0.0533807829181
0.0391459074733
0.0249110320285
0.0106761565836
0.0284697508897
0.0249110320285
0.0106761565836
0.00711743772242
0.0142348754448
0.00711743772242
0.00355871886121
0.00711743772242
0.00355871886121
0.0
0.0106761565836
0.00355871886121
0.0
0.00355871886121
0.0
0.0
0.0
0.0
0.0
0.0
0.00355871886121
0.0
0.0
0.00355871886121
0.0
0.0
0.0
0.0
0.0
0.0
0.0
0.0
0.0
0.0
0.0
0.0
0.0
0.0
0.0
0.0
0.0
0.0
0.0
0.0
0.0
0.0
0.0
0.0
0.0
0.0
0.0
0.0
0.0
0.0
0.0
0.0
0.0
0.0
0.0
0.0
0.0
0.0
0.0
0.0
0.0
0.0
0.0
0.00355871886121
0.0
0.0
0.0
0.0
0.00355871886121
0.0
0.0
0.0
0.0
0.0
0.0
0.0
0.0
0.0
0.0
0.0
0.0
0.0
0.0
0.0
0.0
0.0
0.0
0.0
0.0
0.0
0.0
0.0
0.0
0.0
0.0
0.0
0.0
0.0
0.0
0.0
0.0
0.0
0.0
0.0
0.0
0.0
0.0
0.0
0.0
0.0
0.0
0.0
0.0
0.0
0.0
0.0
0.0
0.0
0.0
0.0
0.0
0.0
0.0
0.0
0.0
0.0
0.0
0.0
0.0
0.0
0.0
0.0
0.0
0.0
0.0
0.0
